7 0.2877363543957472 0.24686548113822937 0.34457272477447987 0.24686548113822937 0.34457272477447987 0.4691036641597748 0.2877363543957472 0.4691036641597748
1 0.05646027624607086 0.05777895450592041 0.11916780471801758 0.05777895450592041 0.11916780471801758 0.10776540637016296 0.05646027624607086 0.10776540637016296
15 0.1620798408985138 0.9041241332888603 0.34276363253593445 0.9041241332888603 0.34276363253593445 0.9566751793026924 0.1620798408985138 0.9566751793026924
3 0.5807926952838898 0.9014383535832167 0.7140001952648163 0.9014383535832167 0.7140001952648163 0.9542942065745592 0.5807926952838898 0.9542942065745592
6 0.34268131107091904 0.9024447705596685 0.46913812309503555 0.9024447705596685 0.46913812309503555 0.9558946583420038 0.34268131107091904 0.9558946583420038
18 0.8362538628280163 0.2408350221812725 0.9444488473236561 0.2408350221812725 0.9444488473236561 0.2928156740963459 0.8362538628280163 0.2928156740963459
21 0.30842739716172224 0.2161732129752636 0.4165657721459867 0.2161732129752636 0.4165657721459867 0.29670068569974845 0.30842739716172224 0.29670068569974845
19 0.15890271589159966 0.08381089754402637 0.25396065786480904 0.08381089754402637 0.25396065786480904 0.10691450349986553 0.15890271589159966 0.10691450349986553
27 0.35867745801806383 0.40520111471414616 0.4120603929270721 0.40520111471414616 0.4120603929270721 0.46697536480698504 0.35867745801806383 0.46697536480698504
16 0.4705268475521599 0.9028762161576738 0.5054856695590473 0.9028762161576738 0.5054856695590473 0.9538489821458448 0.4705268475521599 0.9538489821458448
