15 0.14150307327508926 0.9188108183443546 0.32459332793951035 0.9188108183443546 0.32459332793951035 0.9729771874845028 0.14150307327508926 0.9729771874845028
6 0.32518739998340607 0.9188202191144228 0.4556172341108322 0.9188202191144228 0.4556172341108322 0.9730873536318541 0.32518739998340607 0.9730873536318541
17 0.8396229408681393 0.23466974683105946 0.9559975005686283 0.23466974683105946 0.9559975005686283 0.28860187344253063 0.8396229408681393 0.28860187344253063
3 0.5706417411565781 0.918888920918107 0.708584800362587 0.918888920918107 0.708584800362587 0.9723962601274252 0.5706417411565781 0.9723962601274252
7 0.25659504532814026 0.14941583573818207 0.34985390305519104 0.14941583573818207 0.34985390305519104 0.4836411029100418 0.25659504532814026 0.4836411029100418
1 0.03417470306158066 0.04031143710017204 0.0985129103064537 0.04031143710017204 0.0985129103064537 0.09324688091874123 0.03417470306158066 0.09324688091874123
18 0.13689836487174034 0.06907572969794273 0.23475438728928566 0.06907572969794273 0.23475438728928566 0.0933491475880146 0.13689836487174034 0.0933491475880146
8 0.2579132318496704 0.4748239740729332 0.35482752323150635 0.4748239740729332 0.35482752323150635 0.6365442052483559 0.2579132318496704 0.6365442052483559
20 0.2785443365573883 0.11764153093099594 0.48832061886787415 0.11764153093099594 0.48832061886787415 0.20860330015420914 0.2785443365573883 0.20860330015420914
26 0.3822604566812515 0.4203027933835983 0.5076699703931808 0.4203027933835983 0.5076699703931808 0.49585266411304474 0.3822604566812515 0.49585266411304474
21 0.2785443365573884 0.11764153093099594 0.48832061886787426 0.11764153093099594 0.48832061886787426 0.5221997913822792 0.2785443365573884 0.5221997913822792
