8 0.26537738177594755 0.21141469197359342 0.34544065967202203 0.21141469197359342 0.34544065967202203 0.43300944566726673 0.26537738177594755 0.43300944566726673
15 0.14942745864391327 0.9131930228322744 0.3409387022256851 0.9131930228322744 0.3409387022256851 0.968674385920167 0.14942745864391327 0.968674385920167
1 0.03549737483263016 0.015015728771686554 0.10511598736047745 0.015015728771686554 0.10511598736047745 0.06815612316131592 0.03549737483263016 0.06815612316131592
21 0.2897682264447213 0.0843676999211311 0.45401077717542665 0.0843676999211311 0.45401077717542665 0.2595088532112048 0.2897682264447213 0.2595088532112048
3 0.5940373986959457 0.9110623076558113 0.7330196052789688 0.9110623076558113 0.7330196052789688 0.968406967818737 0.5940373986959457 0.968406967818737
20 0.289542093873024 0.08297748118638992 0.4552367776632309 0.08297748118638992 0.4552367776632309 0.1616486832499504 0.289542093873024 0.1616486832499504
17 0.863490454852581 0.21358765847980976 0.9761105850338936 0.21358765847980976 0.9761105850338936 0.2705539893358946 0.863490454852581 0.2705539893358946
18 0.1462533250451088 0.04382746759802103 0.24777167290449142 0.04382746759802103 0.24777167290449142 0.06841147597879171 0.1462533250451088 0.06841147597879171
6 0.342361219227314 0.9113098997622728 0.4779156371951103 0.9113098997622728 0.4779156371951103 0.9692174773663282 0.342361219227314 0.9692174773663282
26 0.4287167079746723 0.37105247378349304 0.4702025167644024 0.37105247378349304 0.4702025167644024 0.576614648103714 0.4287167079746723 0.576614648103714
7 0.264459740370512 0.11115812510251999 0.3316292054951191 0.11115812510251999 0.3316292054951191 0.21433616429567337 0.264459740370512 0.21433616429567337
26 0.29478682205080986 0.3644503876566887 0.32912008836865425 0.3644503876566887 0.32912008836865425 0.4320501759648323 0.29478682205080986 0.4320501759648323
